8797
44538
7669
17254
36846
18414
36792
24508
32897
7830
5459
42759
20911
7680
37714
25732
35670
10178
541
1839
9739
32576
15947
40631
29428
49623
21404
18436
42508
48548
15263
27929
47711
20012
9508
7833
47712
2560
38701
27537
15010
29443
24363
10397
45634
9942
12163
15730
18427
49065
13703
880
4860
21538
4814
25241
9133
33617
46385
14164
48922
16308
30848
31438
33045
3416
20329
11969
19070
9843
23979
13644
38124
20446
12593
48662
36797
36763
10810
44558
37661
34059
36918
24511
24538
12615
959
44867
13012
39628
15753
4892
43994
20394
26456
8866
22333
39620
3514
5989
40835
7595
37805
39612
43358
16409
34115
2076
40292
25026
38503
592
3630
32190
23482
8386
9341
7094
38348
17728
42015
28603
48942
18638
5938
7274
41861
1305
21687
29062
23437
32298
42019
16228
22241
46033
943
32161
22292
39192
38529
34928
37166
37311
38604
26872
33400
45412
48925
9999
11115
45230
9993
35212
10341
40850
2911
39874
18390
2880
32127
45291
44823
34320
47508
7611
11039
30960
47551
17565
48772
15826
47702
8211
45673
41113
45111
37526
25572
33799
43680
6903
37837
32093
28999
2576
5155
2742
45027
18654
42233
8920
2924
2601
26934
7862
36216
8401
16113
3365
16401
13574
12686
40291
15635
31549
26907
25055
25390
24685
2587
27301
20523
32192
41134
46706
33665
17032
25244
21308
17069
36307
4431
11072
14443
6213
13275
782
26325
49624
48183
1014
1381
14971
24780
43900
48546
9998
16277
26520
2262
637
1046
19998
21878
34517
31443
15231
21498
6733
11271
41732
38121
35339
23039
453
41672
35169
34232
21058
1719
43947
8931
41218
40614
3117
2606
6421
14734
17808
2603
5543
36465
3032
17614
4856
19344
16091
30685
16533
27918
44920
1593
43432
25408
17179
19744
6522
18509
1650
49706
34864
33144
28847
7525
35584
5855
46834
7134
15619
11154
44325
27225
35276
40202
35002
17465
2792
16649
31556
15969
7479
21988
17154
26113
27678
47047
5439
19344
8792
694
47668
49983
13834
18061
38832
32057
16497
22497
8562
46607
14243
46219
1842
28509
23599
17142
48965
45235
12608
39970
48907
32522
5335
5298
12056
3751
26144
39318
23704
13596
1728
5375
46099
427
34648
47304
4838
25146
6439
2953
44771
49095
31805
17229
1696
36978
24261
41023
34038
32780
14219
8683
4730
21283
39275
40314
47155
28204
19852
33144
48950
2331
32161
38261
8360
14187
42021
5869
14076
34095
28845
9069
42426
27084
20616
10555
43279
49617
7198
14182
30492
14015
9730
5177
48278
12152
49430
46065
23295
25063
1573
43238
38805
3946
47635
15062
13971
2653
20215
21081
45665
21854
14277
7154
16946
1728
22050
22713
9103
23990
43487
33208
34554
18215
35906
4704
35442
40782
6482
33842
27460
22009
48533
32781
23132
13662
27856
33470
48129
25554
4736
35556
15412
32831
13844
39906
41906
9256
18789
27573
3397
28605
4947
21497
19480
36510
2663
3452
47693
49479
31719
11023
27699
25817
20448
28677
7314
40635
25943
5507
14394
38851
26417
49538
40926
46391
17440
26195
4348
34730
47442
41616
18493
2027
10042
29602
4525
44380
1274
8054
10162
23871
4917
46458
42241
9648
18049
6417
12908
38982
42739
10750
13889
24911
48534
45156
32130
31678
6063
25396
39983
18732
5529
16044
49341
22424
31305
39014
32129
27611
27905
9278
5502
6297
40082
32964
41177
4356
22090
9587
11790
1758
8769
42294
631
16461
48198
24065
8136
25575
14327
10105
45973
40708
38756
32644
11432
27544
17761
27451
15468
4930
7635
20644
32464
42079
33088
10296
1167
29619
1162
36973
8347
37684
21912
42304
23233
44245
16797
39157
44533
49353
38918
10944
22099
20582
44844
7861
18497
39518
40699
42132
9552
25264
2007
9903
19991
49338
49284
15080
23925
34800
23478
17945
23295
43510
20795
31975
4792
25273
19879
35938
1974
32345
27003
24908
20825
49588
11033
1779
12907
8928
33624
23946
35082
31152
31186
44672
14075
5954
44927
20373
14083
9953
22297
44688
5843
25781
8988
22508
45414
30984
33659
31324
32216
23901
16448
33593
12
34717
27640
37582
34826
32403
22177
28975
26198
18954
328
42374
43945
49858
11914
27821
48442
21765
15927
589
24761
19333
11743
9081
20762
16713
10032
10064
33156
13198
29696
45456
12475
39541
21361
29547
28251
17903
23470
20237
5753
20827
25923
29186
20071
39596
40570
37075
4818
40042
35910
36361
32231
44025
45814
4428
22975
38619
39204
22019
18403
40257
40021
4185
14726
17744
24080
46893
9569
33578
10979
5672
24223
4742
39959
16595
27417
1588
17141
2225
16539
19444
45777
49640
24749
42143
14150
19101
2297
14768
13449
41498
46126
37702
22256
30239
39519
4389
40665
32794
33151
25580
46587
24440
4545
17390
2881
24222
10217
37361
14264
23646
48867
11946
23768
43625
27334
26137
39555
17250
46840
47866
35143
23243
24853
5205
48350
7663
3929
34448
33516
8699
19541
43517
21287
26499
9176
21245
33906
32139
22320
43744
33047
3759
40063
48901
46202
18262
8545
31232
13540
25979
21328
14360
5944
5394
4182
20882
31230
24186
30139
29178
32953
42607
16547
9443
48520
15279
19599
3369
49285
16954
15708
25918
25808
38298
29711
13910
27248
16486
26115
4026
14659
46105
32604
27115
14892
1332
38294
27889
23300
36535
701
31781
46579
14555
7908
40411
12159
4564
25393
40869
9607
32823
31794
36187
6514
14034
29497
7169
40986
22282
27096
14858
10142
26806
17080
26476
38350
16344
17129
21133
45576
44121
40729
47951
33010
33387
16294
43442
49753
6472
1523
9565
37808
20384
22014
31767
33306
6120
8157
18371
43797
39704
42488
11894
2437
11350
7300
39065
45774
12616
17648
1369
16610
21289
13766
13048
47615
36902
23397
7307
35774
41491
22173
40569
46670
39285
34255
8698
32168
18146
49100
29909
33986
4994
21473
27360
47653
17982
31759
2695
15706
25865
37758
6634
42638
44073
49514
27533
45426
44900
46335
27564
46009
42621
36384
42889
47573
34310
6054
34151
6466
14398
17706
42664
40222
1862
40898
13052
49686
25201
19263
17319
48124
41614
16729
43163
32676
6270
42661
32795
49974
35905
7107
38665
1533
27033
11361
41362
30650
29293
23688
22025
46376
1834
1983
48170
32683
4290
31836
5675
19435
25298
4328
19300
42543
40241
17035
44800
5421
